0.3362138823618826 0.33955982569513155
0.020692602370820434 0.011214756753351318
0.24963645494941228 0.27372021486512815
0.43071202676092873 0.06462178527972484
0.19565001877869215 0.22356441480978378
0.28878062432304524 0.3267949326367875
0.22445948779071134 0.06827025573825585
0.226329400951144 0.4359450894851341
0.14849456264805416 0.13827829969800048
0.30728969477015694 0.46904229509273376
0.21879149481792437 0.4287517764893189
0.3051198229902716 0.3737393513903799
0.10767159810769739 0.0940762176552159
0.4506714900246429 0.18883479862675118
0.34894640923674786 0.2509715393232673
0.1319601196467089 0.08841639928189937
0.3863911952163157 0.31651941212963786
0.14360208993812018 0.2882438898463767
0.49011494270517053 0.29051485416099276
0.05975606319501059 0.09072306662409985
0.01871698188596127 0.059030654467958965
0.13985499030155407 0.3169910127222981
0.3327568101230848 0.4479395424226359
0.37123956526700647 0.0811754695810527
0.1020758670750842 0.3913687955156805
0.30700286595224535 0.3028089944890396
0.29589597628739 0.2006678477200639
0.27093062496083015 0.028671877228683307
0.3003818515639886 0.024449798062148975
0.2743701675926632 0.04500548808966209
0.3734908635283259 0.1796232025391058
0.12218595309413194 0.4050808390658666
0.02144564470499366 0.10706099064150615
0.17665826093452414 0.3755250566104686
0.3650514352283873 0.2636587879318061
0.09925617027335798 0.41760148588993296
0.15734207189784433 0.30501557191074896
0.10066509804093654 0.16680698992854104
0.3166749267014961 0.43982469471644575
0.29927333302730386 0.4556930970533778
0.15140716627130413 0.3482942141495184
0.21752120026052735 0.24073565881022652
0.37367215696023254 0.05252058967797968
0.23409089056779303 0.3443704366600578
0.030536672276443855 0.10672047100255816
0.45786392399991793 0.20798022473720812
0.1209563008822202 0.4395807138930899
0.4968977109416881 0.3706620299487625
0.4164580446623641 0.12971713975797616
0.46237174029969336 0.14202064108343843
0.3623660217758549 0.3283382172553424
0.273528148751925 0.42502816926979714
0.4046476668145749 0.4606901901499923
0.415080652197133 0.3671568496012477
0.1650947507242137 0.2397155259394862
0.24339013966377532 0.4745354819010488
0.07456516703580413 0.41158736900111187
0.2419042983016224 0.014797955103002802
0.37039806113610785 0.023387750605672886
0.2899329474220306 0.4595849571425899
0.26987683614623037 0.35817812622002193
0.03177992989594991 0.37732833817598266
0.1467510031142134 0.02206596991837645
0.315576686431053 0.0809902984639046
0.16233984989426758 0.4916019379425356
0.4128618584181814 0.46384752234446014
0.036627282739307376 0.23794725934505
0.3310253313050645 0.31920359127504827
0.4880193107307689 0.33673178036530144
0.4911845569120263 0.03708070708788175
0.3230720577482849 0.24937831098517071
0.3638851762531354 0.4024849248531185
0.2195099130206138 0.22289963261921725
0.33421694897045345 0.28575687626139157
0.4172404544971147 7.796224281283459E-4
0.10651059354198511 0.3158131117322499
0.3128340786064837 0.2675309969255529
0.3567300352328571 0.1617511660848841
0.3430733653448603 0.46387697000544725
0.09799893096647783 0.31733410956089797
0.04268857168975598 0.3082351467436597
0.34139958095033685 0.2862887337976685
0.2702827393833426 0.043287177963411194
0.11025646835143921 0.30414429991049546
0.31471130210758014 0.09389811723030189
0.20156584704132846 0.2045065615504783
0.42181794427502317 0.4745050740102242
0.28305731399287154 0.2442052476656984
0.21844027009171302 0.4203251971482619
0.4685720546245364 0.1426704478077805
0.05698525193620191 0.337338266509456
0.4280170679299364 0.2661870396009501
0.45963658138030267 0.27097994026954597
0.36110372563888865 0.29734378847018167
0.10639230522487902 0.18283699512706614
0.2964031739339744 0.3740368145977094
0.1856432957783934 0.39836641443264714
0.16895054110868934 0.06080523980240199
0.40988937622650634 0.1467656194232378
0.48070379083122183 0.12806965488758792
0.09245206411537393 0.15660167277158082
0.05861269202562808 0.4620119808606136
0.3836792993740114 0.297662702898382
0.49487713112252574 0.009378499204516
0.07714938002507593 0.270725236056665
0.2831736587037536 0.47740547006422956
0.31776806508396105 0.3425367002940902
0.4532030490879442 0.05936001253789247
0.07441440522203524 0.10329262654411453
0.15386108437997648 0.24085668555212997
0.3799277820566051 0.1882439188110419
0.14265880771308054 0.26115334531603107
0.09074009411678441 0.3537995299328752
0.005717898708336722 0.05704760613267201
0.2773439976469575 0.2315958020228378
0.15874091465845774 0.004788556524375653
0.32504966212536673 0.0014838679696360657
0.26480534574472847 0.4975858293352126
0.4021192446421375 0.12624228537886262
0.14965484112478256 0.35284168201656946
0.13938014214239175 0.17705220556354356
0.09935986717935302 0.23414922120823017
0.16180459151058213 0.14937815659114956
0.08879458461592021 0.19839320389640086
0.01830499530172508 0.02387774887452332
0.012325774810363677 0.13795755025113077
0.07113122464583432 0.16631931508466968
0.3704338559248187 0.2820869581080646
0.030767554021746135 0.48421662273234545
0.10768545067442697 0.0498677505303739
0.05611384339580888 0.06599577067376255
0.3985508103660077 0.4100861280793416
0.18299728953629918 0.32098926289253465
0.1380091019599211 3.899861591306064E-4
0.2966976542563717 0.4154082421165187
0.21370826376739555 0.08972346213797566
0.42618068563356004 0.060673957938258805
0.3156458426461088 0.03392118826814211
0.3091211436261951 0.4560952739409261
0.0779110934528614 0.17464238862288184
0.45755863257284873 0.41785929065262073
0.2449779762571036 0.1664928976455739
0.3441660615991477 0.4406577433704616
0.31236293236642954 0.4862259317171751
0.328622201132707 0.13700236093358426
0.20816047146609407 0.3813306243406267
0.05246691167518014 0.1823875751601025
0.05804382304190975 0.2531104558272335
0.2490786921338181 0.061939767318668015
0.4117672925970976 0.44152110664857386
0.6831409131887093 0.30235442834129755
0.7302543675302543 0.3410224794993291
0.7159218751014795 0.3424919255687968
0.7118114634847335 0.10492403637846037
0.7404264761177338 0.13947288939841995
0.6412599239074658 0.08319947057684329
0.7119722269287284 0.3490053829587334
0.7095371453820503 0.16873316439709402
0.6771106392097561 0.3017284800239893
0.7300888748650306 0.38419744592843785
0.6329898850494114 0.1311045543845874
0.7178477449529574 0.1623768830000774
0.7220535453933913 0.24279371368182623
0.7931932122563162 0.17788083989314232
0.7514736737941904 0.01788102861895763
0.7947248536767825 0.15366944128404159
0.7515210520604463 0.051311505666025437
0.7563603799571968 0.3185526975562258
0.6556301970189737 0.22337218325066865
0.7196996053279671 0.23205676841015294
0.797221359756158 0.28604499398733596
0.6117751528058971 0.12078585115512785
0.774396523839842 0.017538641343117167
0.7212405055407203 0.28564243377938187
0.7334309531544629 0.3572918776464944
0.6527255603660449 0.34200309194064915
0.6655366399481288 0.08022502233658618
0.7295196517379857 0.04518140690092781
0.6986787018626963 0.10300104468308191
0.6489216037783458 0.03124387854144156
0.7972803254130139 0.23654167241130414
0.7725261285705057 0.36847911851376686
0.7574567622190385 0.3080287304170193
0.7553955221619304 0.16755507966647532
0.7039733158292494 0.27210474809375734
0.6834953275039252 0.23863322766373898
0.6574271559393104 0.21497192164685855
0.6979523344790408 0.11144321768771803
0.7462074121877257 0.22657221017304585
0.6376229146049587 0.2495557363670552
0.6875926086619073 0.37501633364872056
0.7281394565374797 0.3928257675621136
0.6558993322515037 0.06391323582024255
0.7860322592395556 0.052212811859159325
0.7929005883224662 0.28723656547144416
0.790704066890422 0.05891893293161432
0.7967870507714057 0.11784848378802332
0.6049639538567709 0.33501994315866335
0.6507491308774042 0.17478593620549832
0.6965070585609143 0.3054994747219787
0.6208123393674061 0.010898789128869324
0.7281563523102197 0.21182981280691543
0.7648633113515377 0.1464133901642694
0.6438622578012462 0.0149780885848948
0.7508583264256056 0.045479802775381106
0.7803856868553628 0.39095048965129553
0.7820110505469307 0.2917451375680481
0.7812696916802173 0.3247217485518329
0.6703107595248201 0.16547988121986967
0.6801346570018325 0.3986313682362806
0.7870270423724918 0.3587683739658449
0.6545116438230179 0.0490625996709208
0.7499117564698993 0.2867590903239379
0.6293581561572904 0.030454380204103182
0.6816135085227474 0.36195471816326785
0.7310802815868606 0.07843090938244818
0.6923748034417307 0.09500638113594129
0.7583149413251737 0.3040680075771753
0.7023865967577483 0.16946069699043098
0.7449055209813897 0.3790494845705883
0.6252296894834912 0.3093928404900594
0.7434339550061909 0.28670152497643575
0.6836371012003293 0.01784300906532643
0.7543519945733953 0.3166271266318208
0.6223662297104207 0.1104582560590352
0.32660755568252764 0.2669865118108954
0.5762762830591728 0.29830191599368105
0.653840067236898 0.11473277187601472
0.2976114302020769 0.20565428140372566
0.38007508683322144 0.5679939573055608
0.13581051690333834 0.015795894815960665
0.6127335864264591 0.5883027731908184
0.8139056492985481 0.2040022580893066
0.40003212673791233 0.7709157292842237
0.22413153902143446 0.9936346759174803
0.5602786173907088 0.6605161110076412
0.2363432202646112 0.23618378362707237
0.6928703857704499 0.0330627936909178
0.2304977901413947 0.8785623651587762
0.41537233981250754 0.7434632795609668
0.21505374213781003 0.5227663802857823
0.15774747511886122 0.37752426483282453
0.1866439008628451 1.0011027922945641
0.17702404697042584 0.20687771895034723
0.09998039113064494 0.6522109093704664
0.09069050745276774 0.4885337571046937
0.7503200709880873 0.31597426880148993
0.613154750565386 0.61671871383459
0.32010365502684457 0.5211951622109952
0.5408747002911882 0.7480922817985918
0.03590045080473403 0.5942590543353776
0.12327837550732812 0.6159105680616561
0.47860989201545423 0.6032212557915624
0.16204895040661715 0.6601139054975367
0.23619490683271116 0.8832510833435407
0.6392603468527052 0.6301323551747029
0.10681212683672747 0.549408687171463
0.4477045003340383 0.7826668992803913
0.3527793429107986 0.4386421677668506
0.5574008750577806 0.11005141258046192
0.12047726097578781 0.015974972974197366
0.1495318119245581 0.3617502465888325
0.06512168717661804 0.5605615965148523
0.1692446828193641 0.7693357470358269
0.10747635970096914 0.019195538523041344


0.24305159865809228 1.5660475696980516
0.004030794282469052 1.5855809366438178
0.35025982511537934 1.6186980466524128
0.17676675184835283 1.67408473665134
0.436285086311599 1.6428493447233743
0.0034832992002118424 1.5766446414231403
0.04664391307973026 1.7721506644477558
0.42924741489946217 1.75474988863387
0.2873881007469801 1.8076759719145876
0.37221523533636264 1.9965802928782233
0.009164002467846766 1.8920682219467044
0.22431676025400482 1.897725996592597
0.3317025485745065 1.9315965061397828
0.03977558609496734 1.9227593123710893
0.13897366509302045 1.8391088867497656
0.4105942469143135 1.729772247541424
0.377875786374767 1.697719081755581
0.0979594153865781 1.5215362503237366
0.3053425068770106 1.9562959030093303
0.417720756046845 1.502858919370747
0.25013533974157187 1.7634294794475684
0.16667124353896684 1.5740051001212763
0.4863531955999882 1.526529012967824
0.024306251224643305 1.674717980370484
0.4558260780673971 1.747062139748026
0.37206248794255825 1.7124185549964133
0.32607180056236634 1.6316766495611124
0.3387375819271327 1.7615800946566456
0.22938183447852645 1.9120503516349554
0.10686500766349866 1.7090668706410368
0.49686351086544817 1.7237959293083591
0.10026824135612639 1.7423946841400126
0.2789030784847941 1.7966025960735057
0.11784259567953409 1.5344134265617122
0.1305253575709232 1.594027077966119
0.28281196227009486 1.6688301055947863
0.4365127611362451 1.9119519032889656
0.3402822158277449 1.776283652650129
0.4569080846772402 1.7997093591460538
0.3588621220830621 1.5103506493451313
0.2886620855379372 1.507225058346101
0.27444689889982576 1.8869043953588507
0.16369882024991822 1.9852653432650205
0.4559586434897893 1.6386673696986995
0.23755808782191395 1.7739785473516174
0.07391225516144051 1.599590401129287
0.3660365101045998 1.9074002331243454
0.01312449224877249 1.730859569129059
0.3198849192633129 1.7384481719867824
0.3907083053897951 1.7318750026381067
0.449632052227262 1.8501634299390237
0.41969342485710265 1.7454637712474654
0.48399074816725124 1.9645590943018303
0.397188732992279 1.966881659431981
0.4260649117911628 1.9904189033767627
0.4939510691222636 1.5008271498522285
0.401712071630615 1.5657433400620209
0.2795491959703827 1.5797334049892617
0.31392808417442436 1.6492713966907044
0.034011061145429844 1.7600222230190758
0.2660073371789428 1.8986114368952944
0.3729166932583236 1.9507970417682883
0.43449339072879667 1.7399953471554181
0.048348109379794835 1.6016196640367668
0.4005718394711741 1.6865253086636576
0.4829319706525862 1.582558812180673
0.3855688666700837 1.5980133778013572
0.14841005573048827 1.7306161461847789
0.38260559463206667 1.6961190687806271
0.3137465324534234 1.7119286738966144
0.33222018486258353 1.7534711400745322
0.460730524962841 1.7588142109930576
0.254906250537312 1.9648146886105429
0.29735650853013673 1.984769814288324
0.12802796054970034 1.5819555757581436
0.29096431061665273 1.8589507081769185
0.2784587840399257 1.9523794928711733
0.4941949094035698 1.5344504541875261
0.15555281002256488 1.6439033219035657
0.14726707751734897 1.5718710688332789
0.051693898176620845 1.864572216031559
0.10990444082653578 1.6812146390930494
0.14968007905933667 1.8982460924141438
0.10544164456568317 1.9210460234212419
0.19758699327732104 1.7719245455494776
0.04821249613729056 1.844169176037886
0.142516050797089 1.8508401660858338
0.37327226770938704 1.8637277318152827
0.19476962874181142 1.5217050833808672
0.2948303823827736 1.6326831870090324
0.04350754514366034 1.573226542801954
0.2864692203060372 1.9830422238014094
0.30382525627442697 1.8161125137698517
0.30229860337769354 1.9589975824158072
0.24345679762246952 1.9022688418067295
0.34364522116570234 1.7003149347653215
0.4149411674178082 1.7047449571804725
0.42069997629940853 1.8888410037310568
0.006103503680645772 1.5062157309975999
0.2627458100422529 1.6619263727786828
0.018088544210042412 1.614392220147681
0.29416265457912916 1.8218492594041709
0.285945793418891 1.8777348605781383
0.41635538849996073 1.8299945341944677
0.3719024701245439 1.9141980065903677
0.01807478526061873 1.9685851347211583
0.48597218296090927 1.6894650117804515
0.37830094769317496 1.6811812715955596
0.32243369698473373 1.8892388711445018
0.22693260909130858 1.9659553799185743
0.043976233893206707 1.8226335196805907
0.1889751600075077 1.7929191902293684
0.09794417774977399 1.870566723014125
0.15774417482654862 1.8478218205564843
0.11112588876200163 1.7542856621893894
0.321800956683154 1.9713561389369052
0.2809181645887091 1.6447619179433013
0.10891015191165387 1.9626033832813894
0.4614592773879831 1.8636731003192848
0.20825928699523166 1.9503140616988839
0.03346071450120375 1.6410436611250971
0.08950396890182277 1.8046660741165508
0.1459789433592052 1.593348028281938
0.05390190171499215 1.5655591677738723
0.02725562914493962 1.7689846804195883
0.3288728698180066 1.6012974975196739
0.2800163487927919 1.775510062637844
0.05277128483517324 1.6836802349798354
0.40425443643457115 1.6548770305327143
0.19148199286422524 1.8720631582363554
0.22753846143941686 1.809152659437911
0.4826492819854108 1.5398719407641561
0.4692685709574626 1.8997958869451397
0.41692320154014967 1.5523410932110628
0.321068427507555 1.7485560028965268
0.03855660540033429 1.513920113844575
0.19063651350800986 1.8574081865176466
0.48001055278231985 1.6478319079459833
0.13089204859979398 1.738673165711957
0.1369247750421353 1.7486857600879402
0.4601376183773838 1.8045730815956453
0.24088435941052583 1.7618409992628017
0.17222212946813648 1.6079565330023688
0.2978627390701683 1.890384684628694
0.43832482455946464 1.7527809565059003
0.43004568308394653 1.7121299382749062
0.31399232929890536 1.804171137236425
0.08793969973175975 1.6049597762355323
0.18644780442115905 1.5234779546416102
0.38824304740551135 1.8291336725905025
0.6661840643327881 1.6708970811140647
0.6202743223927982 1.802725821380822
0.7564537782540435 1.7274886596476322
0.7847454202690803 1.7306685916703928
0.7309159727800453 1.6718969601879883
0.6364217291379939 1.6938577563649113
0.6503556571715323 1.6605789043264156
0.7607468491211626 1.9060818599174636
0.6096450620316436 1.9201236961014927
0.6151332950010874 1.7229960884830495
0.6929297014463263 1.613778254991669
0.73662108465397 1.7875599133692313
0.731743867190301 1.7221904427202512
0.6946991372243956 1.8930554653054914
0.7395358887585095 1.9879671875779303
0.6775157723153147 1.6099636086277662
0.7865130069863064 1.9638790912959112
0.787009275797283 1.8569588837049553
0.7128954922703483 1.982277394654567
0.7495442700534324 1.9177688913593485
0.6565992677032044 1.8285236842999308
0.6234442611328289 1.9146282450482257
0.693046043989293 1.853966866498162
0.6033654260997922 1.8455412476073616
0.7502295954190352 1.6042365959351823
0.7837613852753229 1.776552151501678
0.7713465637223016 1.9663564980045556
0.7497434237527124 1.6517060963351373
0.650229777238566 1.9534149779050642
0.7134452772443278 1.8423681928085307
0.7615018592563683 1.7482658057019582
0.6075563041502435 1.8040525536056748
0.7477965139608576 1.917965015213448
0.6849915601864739 1.6428975734124394
0.61057458046556 1.9883850455736602
0.7547219680105902 1.6154080867220069
0.6789916812488767 1.8336813922275326
0.608592423094785 1.994069219016647
0.7029538672521122 1.7880214441017444
0.6625104655139783 1.9279215870827946
0.7319275130379387 1.62721958232228
0.7476927355928685 1.71117115582889
0.6002492397492163 1.7956569077461313
0.7437111771187953 1.8443923472943697
0.7426114282537678 1.6690984120024481
0.7448855749350487 1.6318664356917265
0.7100785632424728 1.6467547831994511
0.6951238122050822 1.8050824027484675
0.7474192897112556 1.6561703489081245
0.7136158011703542 1.7964113020008219
0.7267188032928639 1.832253114098338
0.6648418149271602 1.6084498215545298
0.6101658475571449 1.6969971344730115
0.7011605511115564 1.9335129619980584
0.6365883096409066 1.7191819516304807
0.7247970698958011 1.8742403166090873
0.7917410622504024 1.6735681122937058
0.7783552825868212 1.7002644725873723
0.6315294054696008 1.7468421557773333
0.6790345164432325 1.7473748560783031
0.7802811384196641 1.6527989117222415
0.7615342023622672 1.824594346658996
0.6228600071947848 1.7219832535725081
0.7881855626012728 1.9410705894517668
0.64984292733861 1.6212478287994396
0.7221537941496112 1.9986682410386285
0.7991630617913328 1.8364177762146026
0.7406089209569287 1.7176326968982885
0.7655505695917921 1.916487543179712
0.789568201111042 1.671680353908842
0.6207824955313604 1.7305096920784224
0.7506677083419213 1.9053546787573359
0.6031829626560782 1.628569551907878
0.7024252254691006 1.7904719196413308
0.7939944834946199 1.6259742650761586
0.23760633703407508 1.3288276242576402
0.7750733290054646 1.825379716303416
0.2802743411798658 1.3958895986791735
0.40812690334097157 1.4951221322828823
0.32432850095497434 1.778323949562869
0.22928313998478456 1.4367385624361757
0.21597379916933868 1.8267547051879656
0.4606681404252835 1.2105830632220238
0.2720438152636653 1.9059479343666748
0.37911669068615916 1.6625089743663881
0.12478052770003711 1.7076798340915538
0.17397133559267308 1.0958053933430676
0.7454107136359946 1.7108274889090982
0.10712067168639994 1.4053384610066486
0.36549307191054714 1.3785395868775179
0.9853507239263162 1.6979141942693632
0.24824367888318855 1.3351268727840055
0.7759396921198971 1.705418129543234
0.9790386035849539 1.666527265195685
0.05860517104649321 1.409468955969692
0.43923205109197494 1.615779652923981
0.4040042064332776 1.2902092666072178
0.1609788329142472 1.669794587126263
0.5391513396832264 1.3212004761443474
0.025714055316542472 1.9165139854108784
0.5555342177323246 1.8015598922277865


1.5925612351077256 1.6205748491285288
1.6881653325370594 1.6473736916133308
1.9363920695131844 1.7420376553168557
1.5739964997234246 1.867330513194604
1.9758831916887538 1.8417872916842413
1.8468936960193354 1.9972761924630156
1.7385318463877595 1.748957072036425
1.6807592421106063 1.5304915724780268
1.5374118776125292 1.6326697308438796
1.5448916639239227 1.6726574788132207
1.7833353152112084 1.568817945149156
1.5804075528002604 1.6621865465025119
1.575341342844585 1.8495392853898749
1.7571803935652395 1.6686298924668195
1.8608793872370395 1.5273136263841116
1.7996846607865407 1.8233428356394754
1.5659394985711388 1.868716573735812
1.8462073020444616 1.6743862049840332
1.8136451124049873 1.5603430489572112
1.6413381888887084 1.8298086192893364
1.6774598675707324 1.661270381638133
1.7564752303853906 1.7599971714264397
1.8521719981981055 1.9326610699457831
1.8872790503571544 1.6707026011250552
1.672206377406122 1.7957104281569336
1.6905864648393791 1.5336376865703631
1.562576250772518 1.7741252660338145
1.8962410362332458 1.7712156269434791
1.772923090848674 1.8666748409232086
1.5616233733328095 1.7360381634945732
1.6196050143799878 1.8690859752931608
1.8283629808903443 1.5041611480006747
1.944680803337775 1.7226595906571966
1.8917876143336576 1.6139582145205722
1.5938982585577197 1.5094666216724963
1.604115488178224 1.7295712698767853
1.9184323385575814 1.7408363358077037
1.70221975434173 1.7894793475426496
1.6171303928308458 1.5970809919246878
1.5799939156084244 1.5166354081753717
1.6574083489990394 1.772005908630598
1.8139211804985964 1.7169137167477952
1.5437033738860075 1.555734579875462
1.7983996846844539 1.5772782426739984
1.8425256798321996 1.7537341357202298
1.854700200401156 1.6941256221361973
1.6226631502681976 1.9886565671812226
1.5441316259902431 1.815674062011535
1.827979972571606 1.8647168853105516
1.6420641895378252 1.7700627856665407
1.5685114517031438 1.8918096933146205
1.8149093489096666 1.7729941793530717
1.8931945035298456 1.9684212541518127
1.986979585299037 1.7652942288220004
1.7945846377122345 1.6086244833428915
1.6883504675251169 1.6216844254362361
1.9922970862789375 1.9690497602025827
1.8384217854214162 1.9973515521784317
1.9476716312487252 1.5867050974134507
1.942823504929882 1.7385695298249728
1.5772969623341375 1.5778744055141962
1.5636366492344838 1.6776706392110394
1.7575426930004139 1.872053341292257
1.66459851239328 1.7610812812905738
1.9461334235981547 1.8629874494703407
1.534035566437004 1.8219304843381887
1.5900609987575924 1.6513579342313816
1.9487170505246538 1.9059073191242129
1.9417682807701653 1.830515857341725
1.561645922156982 1.8905862307685768
1.9675487717661708 1.5278958603586483
1.676003617303956 1.7043575319824515
1.7034937685207172 1.660346245692092
1.6060388745936505 1.7513930250181706
1.6950800553993597 1.5915925534137787
1.7236402632572871 1.6837447484319041
1.546627997911617 1.5944071443091923
1.5466563224242318 1.9307178742459639
1.6063717476826511 1.7187880502230037
1.8417263110070459 1.8990767889267877
1.9217696623458984 1.850555578736211
1.6904588851415543 1.995436102099093
1.8179450388848346 1.9122556801973518
1.8032451169154493 1.594356663968381
1.7797840143947006 1.8101146924944238
1.5598167921317607 1.7822094141277187
1.7552288103798528 1.8670203554660634
1.8098595797095292 1.6477877683879953
1.5436918533137685 1.6021094838530874
1.8805656116916047 1.565942529813371
1.5892772365750738 1.8225233902834912
1.5109585014444278 1.830180994338217
1.7636335368711196 1.5822472756545074
1.5651486450140613 1.634214986214522
1.5977730847808513 1.636680493363142
1.868375494517228 1.7808606166593162
1.9060797386721293 1.5796900563802225
1.8607678157589063 1.609485312416958
1.838988995795136 1.8923800443164405
1.9742023277465917 1.9803658918320348
1.6034609459771338 1.6596653668455983
1.7074649957209895 1.735864220770901
1.9023781767480812 1.7219683686303813
1.804118774034187 1.874245071446746
1.5653875793852818 1.5249627179718734
1.726055697795698 1.7222537496068457
1.8744667927056948 1.910269006877661
1.7636604838194334 1.6772389390382592
1.7276324648841261 1.5543623742104309
1.6308368420610413 1.6086493424134778
1.5337196189626365 1.7116827112199011
1.759847188987414 1.7621505302380713
1.5900477072767467 1.8510433874854986
1.7369905820552116 1.9974014889705427
1.6630510430828345 1.6919152505792265
1.905592683210394 1.9126980892139844
1.5695877439146728 1.5490177274059251
1.6076061541140834 1.8662341257615824
1.7436531537066575 1.7798796495054028
1.839318827503432 1.594647977228242
1.5696104601103307 1.5006375080962329
1.7602413605931804 1.5548163876317913
1.668812844995836 1.5903199383884998
1.5171951797114327 1.7745245527564966
1.8416282978941851 1.8432218929019828
1.7279458621801242 1.89168474782843
1.9913898786258364 1.9527031853306047
1.7104262694654158 1.6901937725263683
1.5906811240063092 1.8178509790681674
1.6446679012979657 1.8033123358294298
1.5936276049541738 1.9569267345896528
1.8150083520186358 1.852617514291457
1.650502874469216 1.5883731505134107
1.8999665908272156 1.6221224514711812
1.542968363505459 1.7013874926894181
1.956377561917497 1.9330753520731196
1.9296536932029227 1.6836729512042377
1.782951297014721 1.6852428673407478
1.7725454767432167 1.8039601237787894
1.7463712067856343 1.5651507884111604
1.7047896155566908 1.5612463882100003
1.9103704035341045 1.6907981651862085
1.6000234884655322 1.6114311182689591
1.9249242227589438 1.9657787600374261
1.7122414881413763 1.6651304375459477
1.6087709594888837 1.6535366722333409
1.9734587805866863 1.917935480847651
1.9939226547845146 1.6546512762271313
1.8640751572103875 1.7262336730608971
1.7956513455860816 1.6765889935678926
1.221750721865768 1.7111245388578955
1.3331988126282135 1.8149301575401242
1.2357612213697469 1.8496449417001815
1.353446681918848 1.704887815627889
1.2512208768939268 1.616744581973045
1.28590411512864 1.6250031614918814
1.2365943921585396 1.6633778486968593
1.3241450037543971 1.6726447142308702
1.3910778980905045 1.7991797592002763
1.21187306029652 1.859834621503707
1.2292689603461389 1.608636257210741
1.252345318967767 1.6654417175416918
1.2409157744993358 1.8391504779518921
1.2691900879301137 1.7198601510538363
1.287702238683835 1.7906803107057843
1.2609472395720467 1.8297785755665865
1.3707055181016614 1.9893568979586043
1.3602134094480323 1.7471292759503296
1.2175921169368555 1.6677281029145725
1.2205793819875064 1.6702909300301396
1.2977984356487686 1.8020054061503297
1.31060157359486 1.6371031401507545
1.3768712663207217 1.8719269786773598
1.393854251177801 1.9282351243029172
1.3678234733506507 1.7115841207061215
1.3176638302300896 1.945935614045515
1.2277897951172867 1.6097926085835061
1.3204312187710956 1.9671749881313274
1.382447329041917 1.796324899756169
1.3985029382065655 1.8916753294890714
1.238595021406943 1.8155533628171225
1.248356367459652 1.6143084515146624
1.3669661210685602 1.8417894121751863
1.3184192086309494 1.7478260749661976
1.3027772277840017 1.7308373650674924
1.3671479136217026 1.9058711312888956
1.2206973636511036 1.9300166535629244
1.2300445263699489 1.82770306623682
1.3938500148179076 1.6841399456211794
1.2480960355934454 1.885054729861027
1.343140947070657 1.8776695989615735
1.2036751157628496 1.9580227255221483
1.3236341285580984 1.9435087821091903
1.2472457345983718 1.700877422436097
1.2788779454490933 1.7466182830185957
1.3792717740325826 1.640163225295432
1.2220134250387753 1.8158843307970474
1.376531631757679 1.7564440632399716
1.374175966861148 1.9503969425203416
1.2205963249448213 1.7975335400086512
1.306131771085471 1.866533054448089
1.2985333117977036 1.9550333721788555
1.3882697597711804 1.7799726699572964
1.301953086242799 1.707488288640565
1.2569995875930475 1.6320109036164767
1.2503200408822066 1.7924498698537594
1.3522859082515704 1.872263114698646
1.2080040393323475 1.8162260964962595
1.2714788509682915 1.900094566340922
1.2518535988255448 1.9440779816510818
1.3187802957028225 1.6448406774567803
1.2771264813338001 1.8351087561633947
1.207615218673599 1.730118017601419
1.3044179532767843 1.895075694377574
1.3948571114178152 1.8202607733624403
1.2687819239711873 1.8168388355890155
1.3912860990352687 1.8871517970832565
1.2345445533836916 1.6621454275596612
1.201838152725964 1.663451528864853
1.3853649583206011 1.8099331592135055
1.2021333863871946 1.863462638997802
1.3889019571156105 1.9553195833416548
1.254451183648689 1.6556026218880182
1.2290008513782777 1.989929741580215
1.3067496027373147 1.960690772235734
1.8376240684331617 1.2988131389994335
1.7198795251657004 1.6718927386459512
1.0892368775727108 1.7960760678773122
1.7681781977276632 1.3863527618517184
1.9653263464599484 1.6054957315061433
1.6772534888203534 1.8999918195046495
1.8772252908831604 1.777948367826695
1.0608935477168637 1.9329766293159467
1.3478972745513986 1.9142707281279887
1.7170610810692777 1.8739847867722605
1.4829471867526598 1.6599647592272566
1.9860421546650235 1.7828173317640268
1.5241199604937907 1.9625883140598277
1.2898107441383353 1.6155061309519307
1.5009246715980762 1.3328404676182024
1.4703131945435077 1.9929452248673278
1.8065446974115256 1.2402399167812395
1.6767069273319326 1.5617905911499195
1.8554426405419817 1.849977665098354
1.476510345190383 1.5479615983001818
1.6941267487411642 1.1718606985592224


0.9455580802632036 1.13143339446222
0.806208697921934 1.2399695120224163
1.2289405444862604 0.9294661392041652
0.7669451170331003 0.790517801774079
0.8083440192046332 0.7600313844531257
1.245991503340114 0.81409558522037
1.2139170306148364 1.2092896306388778
0.9923533438165957 1.2078758509143759
0.7915095219509256 1.1110977019844437
1.2143643889200926 1.0852794016671443
0.8640375742938147 1.2400767745020091
1.0121902355560908 1.0542285420067627
1.1840539369266119 1.0683586081401075
1.0129070323667233 0.8583269323981582
1.0841253563924365 1.1775476107216505
1.1555279830708571 1.128508696838617
1.028004539657781 0.7880415044123545
1.2369239921752593 0.9179931909647421
1.1713458581722271 1.222834153732788
0.8525345712166237 0.853049682188624
1.0558511756672997 0.9622793256794371
1.2480890358281123 1.1261192247260636
1.185243451596685 0.7700247931792431
0.8402571472353261 1.1862588283564062
0.9653527627216368 1.1784316519203788
0.7652230364525705 0.8446662760130044
0.8338608681433722 0.9142739081726489
0.7746248488925903 1.1102115540607822
0.8578875282150992 1.122369473824393
1.1181272592429154 0.9014441093232326
1.1396130745208897 1.0060234095426328
1.2310930282590624 0.8474630550988369
1.0415187289547627 1.2487703965783212
1.0843939315935232 1.1903302157220115
1.023587864141539 0.8118833845857243
0.951350708271498 0.8363743228883755
0.7749479265722927 0.9164712579679066
1.1041159890269057 0.8727769539379245
0.8219447709832501 1.2177184358125737
1.0685130700939824 0.8692495477263285
0.903527524847743 0.861925030757936
1.0424179392920556 1.0224032834487002
1.1230841862831897 0.7844867354641014
0.9182210580096455 1.1725815574016785
1.2135045043357877 0.758808720991453
1.0447295318260772 0.9294682570797372
1.1892587205555958 0.8423786890446774
0.918069717324019 1.083702349720768
1.2056672952727636 0.9868294413721723
0.9047243053396328 1.1570228129265148
1.1012985013864502 1.1838019353450149
0.8727873333839462 0.8531355521227841
0.8645675192640107 1.107775188831071
1.2398447342467975 0.8155370442993581
1.1401223712664348 0.7907597736432661
0.9375871399300946 0.9769475875465048
0.8744886487633076 0.9218574942654179
1.1443360280734014 0.8977995582822611
0.7937069106080737 0.9071696747764875
0.847113541952404 0.8383945697159105
1.1083332366127916 0.8523926411892802
0.8647102337839335 0.8908860457248795
1.1531849931634768 1.1416689034410272
0.892404677145872 0.8131616958298733
1.0906008950403243 0.7818683642387368
0.9175626914358009 0.7569937365893331
0.8367459517254887 1.1614540909532267
1.0032932499601408 0.8674919996360437
1.0106285683492688 0.8374429589641263
0.9446626681896583 1.2499387628880936
0.9550090799551108 0.9127015734874415
1.1686673468562856 1.0535014824686004
1.23726523026887 0.998923657973205
0.9752400161936331 0.9091131441127864
1.0065424178328373 1.1781154356056138
0.8020134312598821 1.180977295240174
1.1611527178382657 0.7772710148677386
1.1403897501506837 0.9476984732695418
0.9671986844125182 1.157150144875915
1.0346630219327864 0.8199560373963872
1.0657846949565772 1.0866764676870775
0.7595164310651016 1.126932992343687
1.2119401526384848 1.1294545497566268
0.7941651899227685 1.1633788793509328
1.1035155580549487 0.8082596109596909
1.093740188647465 1.0832290421771602
0.7828245496966778 1.1370842867302657
0.9002066497596253 1.1541205259808587
0.8276911168354988 0.9184322996474388
0.9361863694568913 0.9499377059665994
0.891823587670713 0.9960292608306955
0.7855013230118837 1.155688835733403
1.1070730450722785 0.929976378579166
1.0840804979735723 0.9905576052884515
0.9221461893471662 0.8226032939770116
0.8240712653567206 0.8208918931319137
1.1237288412869424 0.7688818440087215
1.1125705935597994 0.8351845672762188
1.0667382635354674 1.1352426387845518
1.1243408166507542 1.1877695913760729
1.0305593203712584 1.0849924730378593
1.2451986757887767 0.7869992224390265
1.1176307855475915 0.967260306980495
1.0194658837807906 0.907086407339958
1.2196353573427121 0.8695056269562844
0.9909432664061474 1.0405892405707569
0.7948082048409943 0.8011031298865318
0.8623201822545641 0.880682377234383
1.0275158782282994 1.1273732083599435
1.0927548060852048 1.0289032605136426
0.8782689838987595 1.009658317556843
1.1075603127829414 0.9649790781716368
1.0787188751421146 1.2276505861332474
1.2075059618787767 0.9906331578956319
0.78195012271234 0.8651565420672909
1.0381916590011162 0.7689375680197048
0.8435174666288652 0.9298404793321918
1.1122784492308226 1.2248217773859318
1.0831875809742781 1.0512181960600535
0.8690567702387111 0.9507649882012541
0.8612326574043382 0.9592784464160005
1.106908556792277 0.8744927996650746
0.8963845156762242 0.9885899600730345
0.8346683384208964 0.792666964363689
0.9551949265983639 0.8796071608540657
1.1577129718271495 0.9560997318181748
0.8545590711309916 1.1601184228905297
1.2438084516368948 1.207942431344467
1.1405462949060188 0.8853860338741282
1.2023169640682505 1.2265908515351995
0.8374437024439048 0.9955074972890026
0.8583161105233996 1.209717894423399
0.8010548991697704 1.0128833169497027
0.9105067381501053 0.8548870379475723
0.9598080190466287 0.7514068559769022
0.8284848874396635 1.245617995429991
1.0861138700846293 1.1420974124307515
1.0710277703345499 1.239569211451508
1.2086766413057057 1.1973778879585
0.7924924947896553 1.1776691982571696
0.8540964037132702 1.038054290222322
1.149251151998123 1.189572535139529
0.9931144330733096 0.7932842771861057
1.1222842803037856 1.0617335033276403
0.8632389454377647 1.0544279512567043
0.9356296922668117 1.0596838952995975
1.2452506367200535 0.918654042732052
1.173332389558564 0.7557690912458956
0.7862242615508924 0.997530697828076
1.0798656346291993 0.8076398545814989
1.3561858614544238 1.1409905910899172
1.0250606256881711 1.1399526605491053
1.570862281223773 1.030912766726172
1.2205292358547173 0.8845795726179537
0.845656001996586 1.0355926524281978
0.637944838151077 0.8952137926729171
1.5780831610487345 0.934324987107503
0.9261803116815104 1.3389963270231247
0.9321859550820251 0.9764441395528989
1.3845184342302606 1.2687043534116484
1.179529424120102 0.7993620343583505
1.0501642079492601 1.3171992484739905
1.2306561219631356 0.9836264633546477
0.5005049566230606 1.003764003641247
1.0760151551024988 1.0544282649902184
1.2756826541985908 1.0963581494454837
1.333742966233523 1.1160273519052766
1.2492293727782222 0.9867688986482406
0.6244607706890879 0.7186163471244917
0.6044379931347317 1.0299804590868602
1.1337215673545493 1.2734193695035694
1.1657436249698487 1.115058864526451
0.7128905086748576 0.7799489198113927
0.5702987547810181 1.2431955181869239
1.0883033698770854 1.3873087736259502
1.3963679571448497 0.9572818133361605
1.348114871678641 0.8882004134615589
1.0553423977614933 0.4658051498182998
1.1092937612432199 1.4447465093636862
0.8872547621169788 0.6089984422704016
1.1722848660533876 1.457920208967857
1.0157879485997858 1.3945160998761263
0.9817325451533521 0.4294156573479646
1.0878845847028533 0.4793224301973904
1.0755671677926537 0.7917588285368382
0.66633906179203 1.064665836973965
0.9527426070273497 0.7245364687772653


1.5279526912676011 0.23374209356712522
1.9809062127781412 0.3998425635866182
1.6611386305138707 0.08532288796352316
1.8561334048194644 0.4023407487968417
1.9917383824914845 0.44018274942022656
1.8687754627340032 0.15540111318707728
1.5230317487676057 0.02642342868444464
1.9836390985118226 0.11663313601494646
1.9345838377466875 0.43215052540437493
1.8306863909691031 0.14537107602953753
1.5854901338535152 0.40959833203024365
1.6039227523758703 0.19538267648639995
1.989354006715687 0.3466773780439534
1.6419708135937134 0.20056674038989863
1.6046096123967437 0.13371277238394014
1.6919019606375412 0.34210096377370425
1.6895645144270441 0.008121604356748913
1.8808462024010528 0.045169050595994575
1.9866729727803552 0.2991334411231376
1.8022256915763764 0.4474396782610675
1.6250629152156928 0.3183880491626042
1.865156046086359 0.2098872964244307
1.8642260595637516 0.4503504772815162
1.6566341018482724 0.40333799799790004
1.6450424810619388 0.2889634165187043
1.5265797592636803 0.3012915931507438
1.8669475047839699 0.4438129799274868
1.9256239552424728 0.24111414809949183
1.8720608052202958 0.4003137349917933
1.7047339410260434 0.2816127712264882
1.7884839775135928 0.06402504300556072
1.6243412045432781 0.1852980159462458
1.6657348072826341 0.34919062973419845
1.718586797833174 0.2883067248278819
1.7254230249014697 0.38594910996231085
1.9176227552402887 0.09000140738291068
1.549784223146388 0.11939354420621312
1.9476077597151358 0.3976800431405809
1.639575106673207 0.25676365223241226
1.504109338561387 0.09962325486408902
1.9910952442633956 0.18653458313816734
1.5300740337955478 0.11187379853657275
1.6697368702405875 0.1450219279284456
1.6243512778789904 0.2506862000105607
1.7944764008159786 0.04235284762854641
1.6609559937375857 0.22350232668362813
1.8941075775959844 0.48025871677653303
1.612828960479781 0.10660180564334437
1.7517784090752013 0.09912534747870927
1.846803368908555 0.08724395842497779
1.6195303325348558 0.48109198508187534
1.7888101601016015 0.3921610321015834
1.5590499174004282 0.4097211195166973
1.8500539865799195 0.2026804825902998
1.6487302987791634 0.34486625383167957
1.8559657353803696 0.4695468939097613
1.8904009717179544 0.0138455736807504
1.9301870048815415 0.38768231075155524
1.8517214942148688 0.04688461999425669
1.8556658384348315 0.3726663600087187
1.8922462355206737 0.09602187070366469
1.8641425202121766 0.1966361417112089
1.742554221431183 0.3722762301988107
1.593878356172392 0.49159801500991407
1.7365995654344262 0.01585626748693275
1.6034293936927237 0.11281207065934001
1.637574947017438 0.17854618293172897
1.8365916328621643 0.37395271977604355
1.7470921301298916 0.14613426008283203
1.8003431840895616 0.4191668625560847
1.8463704700131238 0.26185466960976844
1.9436831034262196 0.48494394152436654
1.9863856773509643 0.3292944044940477
1.8107160727726668 0.02688055446804255
1.7215683521544456 0.07507215557730229
1.9861559344239539 0.1429646453038526
1.568652999002732 0.13782670853893136
1.6556206495093921 0.41592293877702435
1.768665364631265 0.4206577205871161
1.7666653953128093 0.22246767408752716
1.8357973816092206 0.4991424489149498
1.7994494111309902 0.21694702865983934
1.8920559128219114 0.11640709531630788
1.5382570159820734 0.09094649070468153
1.9110829915011869 0.1204623104337143
1.9767918679497911 0.3388062924507885
1.7284323017531462 0.007117576806715431
1.591238130208417 0.12181313807380761
1.5188479485165125 0.02426972018659762
1.6755311732940505 0.42099247888878816
1.8937286808181808 0.07021649721716688
1.753104961612728 0.4999702127298266
1.8339721083539935 0.3798761953832325
1.758582063004968 0.2652911141587246
1.8447805416759109 0.23840023133659144
1.7214469448991592 0.41187392044802007
1.9997713185389496 0.19164568565531626
1.5816920165375923 0.2759512058816122
1.931871745700002 0.43733054017986656
1.5247502489661477 0.08688487857307153
1.8279900750091924 0.27942468013924415
1.8397276164999226 0.31266641750237906
1.5933408096146688 0.21143518023608399
1.7810223399566396 0.03170370032801406
1.5695644597637735 0.36172503405296086
1.748867783578634 0.23566428920804566
1.5184183772570123 0.18585966137278798
1.7991594055509588 0.1746881486460724
1.5198271710990556 0.4272063484104893
1.547125919565089 0.29720049687893013
1.9794678482466215 0.487616945130126
1.9429786834605196 0.011848719711551103
1.5968266274573628 0.4550047570066894
1.6706227881669682 0.4087550269541591
1.9098008940619233 0.12398205209014368
1.5528373626889185 0.22131964119314246
1.9064318781816552 0.41945503254679933
1.8380319763293729 0.18822718048302078
1.6782397987763709 0.1911784631874212
1.5947600818921566 0.08810201497064529
1.682895417685489 0.38975294428441065
1.6506198514324129 0.06642611660537695
1.8865985374931793 0.16140299679892867
1.581996808888523 0.45587610796492134
1.868545453792479 0.410104566700882
1.6903019129684842 0.10715406107421693
1.8912544291488627 0.3712363929312972
1.6889330995728615 0.29767957675143225
1.971279834787943 0.22090963177732487
1.9731373087799335 0.07017878948073247
1.6249821835920228 0.20948608890299686
1.8522743899005896 0.3722485438855091
1.7135333088715248 0.2565255610622321
1.99068347033966 0.1213924996191249
1.6702223397951244 0.3775083098061991
1.529426449581353 0.3078183824002127
1.8613900560578658 0.2301593483169787
1.9466328047934212 0.46945378323436276
1.9099558741275178 0.47005634185071576
1.658993721928199 0.33018110777848414
1.9975133487533467 0.49143387306291053
1.6711531710036855 0.08320961414971462
1.9573569122175072 0.49970169091698863
1.7433174363582837 0.2267962524868966
1.8765642326271923 0.21717568542709031
1.570354088489664 0.019194267908241636
1.940395319606432 0.3628751918609079
1.847975393079641 0.013752014339288687
1.8767811175325773 0.37097113690835126
1.8433005666908533 0.26350202659514055
1.2146115343384858 0.3499644693794457
1.2011709860649975 0.14501892591609034
1.3141516444994121 0.2364143841838301
1.3178227352173653 0.25142703587874904
1.3045322789968772 0.09905399049692354
1.3129730733515026 0.1127968148049105
1.207996684490203 0.006994687683334777
1.2464665924288223 0.18411925246874972
1.2308623935254042 0.11792963264628209
1.2777980083021303 0.3906682253103584
1.3271023325749374 0.2905402702719914
1.360310686395614 0.33129735514774794
1.2538844019966848 0.2353210682272493
1.3776435898523784 0.26541258544771407
1.2750692073226024 0.08252114723102844
1.2884848271436287 0.37462399446148564
1.2747204124989697 0.3173860069093167
1.3986200118638419 0.10531455118855332
1.2924868721378824 0.29186667839979547
1.3759430136387212 0.3010980411343471
1.3862703262070368 0.3684483476346067
1.264526621484429 0.3243726481280662
1.2648971707947236 0.18573447639293691
1.3380301641800432 0.04391117078450529
1.314567539390465 0.1569072157385082
1.360650865079306 0.030663118572403336
1.2676594795863396 0.32116894438232263
1.295505457577503 0.1566783960846482
1.2310209058099373 0.0647543960612712
1.3157581554693447 0.23229656352286976
1.3031865165099188 0.012087004235817322
1.3329909067189003 0.3444801857639911
1.366011621899052 0.35913768931502926
1.3602413875083326 0.3744049079390182
1.2360195468347934 0.08002842530324106
1.273814020825562 0.17515361166183685
1.2043138900991421 0.3844076161527057
1.3283989027909506 0.08059604927957825
1.2812116686856923 0.33710832954276365
1.3142132361165526 0.19426995163190322
1.3928080421160887 0.273085112432329
1.322809584329175 0.2723138637346554
1.3514879658357766 0.34960935182342684
1.3098748862436678 0.3672363891832375
1.2409548984904764 0.07418750005229902
1.2087739073210808 0.1395409212074376
1.3186512545544464 0.33065092082844444
1.2577704860946008 0.27195918699298915
1.244500101384372 0.2973504632778634
1.2567896164188956 0.33628152087396757
1.3947021982935741 0.11037321390078042
1.2662630481724235 0.1655059185524509
1.2128771925057293 0.1711833477169017
1.201030874991787 0.2742624848059523
1.3881425185472664 0.032073230394028485
1.2564511827970324 0.34820419766651267
1.3307781477417218 0.21429542543854013
1.3317995254977948 0.08828920525611184
1.3409300771589283 0.32273057561311336
1.3877197534907657 0.14861444536445684
1.2343601717144468 0.017430500017108164
1.3899173049702747 0.14669449335963158
1.201554539039223 0.18636028963924384
1.3504658283630264 0.15281418460618787
1.3325574504192608 0.035147426449618324
1.3810277128477932 0.08031768610819917
1.3397024039797407 0.16863044723408913
1.2189686586229844 0.0014313218755525603
1.3539666428074442 0.08548405980019452
1.3777763051173872 0.0034515265676381413
1.2579801567591116 0.041181812453659705
1.3073724533473985 0.3778640222739034
1.2497748467263579 0.356042073409181
1.3278381581937182 0.10019434274095995
1.206164245250219 0.35408716985873645
1.7027644533316373 0.522279910754005
1.8788564676056299 0.9498745714648644
1.8044570417315027 0.8470559600352159
1.6230315083071873 0.1993205217452083
1.9702337138540351 0.9975091270210092
1.2376197488447622 0.4167938322287903
1.489518397264962 0.40878565189478366
1.0631654206813579 0.09855814367959526
1.0709473047707647 0.3971822148120243
1.715542483078051 0.08333433045343952
1.957548670169147 0.7005318150280069
1.6987427274754063 0.1724839621480978
1.3514700963314539 0.2317762969442787
1.7854880577647294 0.5923839711027676
1.8156566715967202 0.3649738237821325
1.637278711361591 0.14557951184058804
1.4233182334068433 0.6985667315431772
1.3265204903629193 0.21728527464088776
1.1291928753629326 0.1248869006671589
1.520500653076497 0.7401846700275065
1.3799857369518016 0.5236471394914297
1.449149494970193 0.08125437444714723
1.898201488347774 0.9859835000204475
1.1779581748349044 0.07714600784764025
1.5231795194865547 0.5200687920135239
1.6345491635879241 0.20522391036039345


0.3935019349353042 0.2731621456777489


0.40904513649284724 1.7396626091382739


1.5918878163125452 1.7475624834375276


1.0149746854140407 0.9950424747135757


1.6031860389836499 0.2593679303893792
